Sound file: /home/alexst/Projects/Physics/Sound/Data/Recordings/alphabet.dat
Phoneme(left, top, right, bottom)
A(0.565379, 0.964423, 0.833929, -0.89896)
B(2.11763, 0.405894, 2.14874, -0.294377)
E(2.26347, 0.805606, 2.42487, -0.505078)
C(3.79462, 0.0588573, 3.9424, -0.0279019)
E(4.01241, 0.976026, 4.22242, -0.694089)
D(5.73801, 0.188996, 5.78663, -0.204519)
E(5.87413, 0.845887, 6.10359, -0.573246)
E(8.09793, 1.0225, 8.33517, -0.715779)
F(9.95382, 0.142518, 10.1424, -0.0898728)
E(9.7652, 0.777719, 9.88771, -0.523669)
G(11.4404, 0.20139, 11.4968, -0.158041)
E(11.5668, 0.963632, 11.8177, -0.71268)
H(13.2712, 0.0650544, 13.3374, -0.0371975)
A(13.3938, 1.0318, 13.5921, -0.966761)
I(15.1954, 0.715749, 15.3762, -0.641414)
J(16.612, 0.285051, 16.6859, -0.182829)
O(16.7384, 0.910957, 16.8084, -0.653808)
T(16.8395, 0.179701, 16.9698, -0.142548)
K(18.4895, 0.068153, 18.5731, -0.034099)
A(18.6334, 1.05039, 18.8667, -0.873804)
L(20.3885, 1.04729, 20.5422, -0.678596)
E(20.1357, 0.539132, 20.1921, -0.443107)
M(21.8481, 0.474062, 22.0134, -0.399727)
E(21.714, 0.517442, 21.7859, -0.303672)
N(23.36, 0.517442, 23.5467, -0.427614)
E(23.2239, 0.495752, 23.3095, -0.319165)
O(25.0934, 1.05349, 25.3209, -0.802538)
